4294967279,47
4294967279,46
4294967279,44
4294967279,43
4294967279,39
4294967279,37
4294967279,35
4294967279,34
4294967279,33
4294967279,30
4294967279,29
4294967279,27
4294967279,26
4294967279,25
4294967279,24
4294967279,23
4294967279,22
4294967279,20
4294967279,17
4294967279,15
4294967279,14
4294967279,12
4294967279,10
4294967279,551
4294967278,132
4294967278,130
4294967278,128
4294967278,127
4294967278,126
4294967278,125
4294967278,124
4294967278,123
4294967278,122
4294967278,121
4294967278,119
4294967278,235
4294967278,118
4294967278,116
4294967278,351
4294967278,115
4294967278,114
4294967278,113
4294967278,112
4294967278,111
4294967278,110
4294967278,109
4294967278,108
4294967278,105
4294967278,104
4294967278,103
4294967278,102
4294967278,101
4294967278,100
4294967278,99
4294967278,385
4294967278,97
4294967278,221
4294967278,96
4294967278,376
4294967278,95
4294967278,94
4294967278,92
4294967278,91
4294967278,90
4294967278,89
4294967278,409
4294967278,87
4294967278,86
4294967278,85
4294967278,84
4294967278,83
4294967278,82
4294967278,81
4294967278,80
4294967278,79
4294967278,76
4294967278,75
4294967278,74
4294967278,73
4294967278,72
4294967278,71
4294967278,70
4294967278,69
4294967278,68
4294967278,67
4294967278,66
4294967278,65
4294967278,64
4294967278,63
4294967278,62
4294967278,61
4294967278,414
4294967278,260
4294967279,84
4294967279,81
4294967279,76
4294967279,73
4294967279,65
4294967279,62
4294967279,56
4294967279,55
4294967279,53
4294967279,48
4294967279,45
4294967279,42
4294967279,41
4294967279,40
4294967279,38
4294967279,36
4294967279,32
4294967279,31
4294967279,28
4294967279,21
4294967279,19
4294967279,18
4294967279,16
4294967279,216
4294967279,13
4294967279,11
4294967279,9
4294967279,8
4294967279,7
4294967279,5
4294967279,256
4294967278,370
4294967279,6
4294967278,441
4294967279,4
4294967279,252
4294967279,340
4294967278,131
4294967278,341
4294967278,324
863,12
863,11
863,10
863,9
863,8
4294967278,129
4294967278,331
4294967279,317
4294967278,318
4294967278,369
4294967279,308
4294967278,254
4294967278,253
4294967278,437
4294967279,538
4294967278,434
4294967278,120
4294967279,310
4294967279,245
4294967278,244
4294967278,117
4294967278,242
4294967278,240
4294967278,238
4294967279,237
4294967278,234
4294967278,237
871,5
871,4
871,3
871,2
871,1
4294967278,431
4294967278,232
4294967279,231
4294967278,230
4294967279,229
4294967278,228
4294967278,107
4294967278,334
4294967278,98
4294967279,543
4294967278,106
4294967278,390
4294967279,339
4294967279,0
4294967279,219
4294967278,218
4294967294,1004
4294967294,1007
4294967294,161
4294967279,217
4294967279,296
4294967278,216
4294967278,429
4294967278,210
4294967278,212
869,5
4294967279,212
869,4
4294967278,211
869,3
869,2
869,1
4294967279,211
4294967279,209
4294967278,208
4294967279,208
4294967279,207
4294967278,206
4294967278,93
4294967278,275
4294967294,5
4294967279,333
4294967279,204
4294967279,203
4294967278,202
4294967294,472
4294967279,202
4294967278,201
4294967279,201
4294967278,200
4294967278,199
4294967279,199
4294967278,196
4294967278,198
867,5
867,4
4294967278,197
867,3
867,2
867,1
4294967278,195
4294967279,195
4294967278,194
4294967278,193
4294967279,193
4294967278,192
4294967278,78
4294967278,328
4294967278,440
4294967278,346
4294967278,77
4294967278,413
4294967279,539
4294967278,188
4294967278,187
4294967294,89
4294967279,187
4294967278,185
4294967278,184
865,5
4294967279,184
865,4
4294967278,183
865,3
865,2
865,1
4294967278,181
4294967279,181
4294967278,180
4294967278,179
4294967294,202
4294967279,573
4294967278,365
4294967294,8
4294967294,393
4294967294,384
4294967294,416
4294967294,400
4294967294,466
4294967294,405
4294967294,412
4294967294,456
4294967279,544
4294967278,229
4294967278,170
4294967278,166
863,7
863,6
863,5
863,4
863,3
863,2
863,1
4294967278,395
4294967278,227
4294967278,364
4294967278,160
4294967279,240
4294967278,156
4294967279,238
4294967279,520
4294967279,541
4294967278,152
4294967279,151
4294967278,151
4294967279,150
4294967279,149
4294967278,146
4294967278,249
4294967278,142
859,4
4294967294,128
4294967294,186
4294967294,1416
859,3
859,2
859,1
4294967279,349
4294967278,138
4294967294,81
4294967294,50
4294967278,0
4294967279,135
4294967278,407
4294967278,134
4294967294,37
4294967294,1419
4294967294,1418
4294967294,1417
4294967294,205
4294967294,199
4294967278,133
4294967278,399
4294967278,276
4294967278,288
4294967278,273
4294967278,287
858,5
858,4
4294967278,274
858,3
858,2
858,1
4294967278,337
4294967294,40
4294967278,270
4294967294,6
4294967278,269
4294967278,268
4294967278,267
4294967278,281
4294967279,261
856,4
4294967278,265
856,3
856,2
856,1
4294967278,239
4294967279,275
4294967278,326
4294967278,264
4294967278,285
855,4
855,3
855,2
855,1
4294967279,222
4294967278,262
4294967294,9
4294967278,261
4294967279,512
4294967278,278
4294967278,384
4294967279,347
854,6
4294967279,318
4294967279,338
4294967279,560
854,5
4294967279,316
854,4
4294967279,314
854,3
854,2
854,1
4294967294,471
4294967279,559
4294967294,22
4294967294,120
4294967294,1
4294967279,250
4294967294,46
4294967294,389
4294967278,433
4294967279,557
4294967279,556
853,5
4294967279,249
4294967279,248
853,4
853,3
853,2
853,1
4294967279,247
4294967294,470
4294967278,246
4294967279,558
0,5
4294967279,243
4294967279,241
4294967279,298
